aid
   1224848
1224841
1224834
1224840
1224842
1259402
1259404
1224849
1259401
1259403
1671196
1671197
1671198
1671199
1671201
1259242
1259248
1259241
1259247
720552
743054
743064
743074
743078
743084
743194
743218
743224
743226
743228
743240
743242
1159518
1159528
1224844
1224894
1224896
1259244
1259380
1259382
1259388
1259394
1259396
1346798
1347036
1671200
651633
720693
720725
743033
743041
743063
743067
743081
743091
743139
743199
743203
743209
743211
743213
743219
743221
743225
743227
743239
743241
1159515
1159517
1159519
1159523
1159525
1159529
1159531
1224847
1259243
1259365
1346799
720674
720678
720680
720682
720684
720686
720692
743012
743014
743036
743040
743042
743066
743080
743094
743140
743202
743210
743212
743220
743222
1159516
1159520
1159526
1159552
1224836
1224838
1224846
1224868
1224870
1224872
1224874
1224880
1224886
1224892
1259364
1259366
1259378
1259386
1259390
1259392
1346784
1346824
1346924
1347030
1347032
1347034
1347038
1347398
651631
720675
720679
720681
720683
720685
720687
720691
720719
743015
743035
743053
743065
743069
743075
743077
743079
743083
743191
743215
743217
743223
1159509
1159521
1159527
1159551
1159555
1224835
1224837
1224843
1224845
1224867
1224873
1224877
1224885
1224887
1224889
1224893
1224895
1259367
1259369
1259377
1259379
1259387
1259391
1346795
1346829
1346859
1346877
1346977
1346979
1346981
1347031
1347033
1347035
1347037
1347395
1347397
1347399
651632
651634
720516
720634
743086
743122
1224818
1224822
1224876
1224878
1224882
1224884
1224888
1224890
1259368
1259384
1346978
1346980
1346982
720635
720637
743085
1159553
1224819
1224821
1224839
1224869
1224871
1224875
1224879
1224881
1224883
1259381
1259383
1259385
1259393
1259395
1346891
1224820
1259344
1346984
1224823
1346983
1346985
